GN,Enzyme,start_cleavage_site,end_cleavage_site,average_cleavage_score,length_of_peptide,peptide,How many other protein has this peptide:,peptide_proteins_domains:
CD209, matrix metallopeptidase-7  and  matrix metallopeptidase-7 ,214,218,0.905,4,EIYQ,1,FLT1( )
CD209, matrix metallopeptidase-7  and  matrix metallopeptidase-7 ,122,126,0.935,4,EIYQ,1,FLT1( )
CD209, matrix metallopeptidase-7  and  matrix metallopeptidase-7 ,145,149,0.905,4,EIYQ,1,FLT1( )
CD209, matrix metallopeptidase-9  and  cathepsin K ,140,144,0.94,4,KSKL,8,TMSB4X( );HSD17B11( );DMKN( );TUBA4A( );IGHM( );SERPINC1( );PRKDC( );TNFRSF1A( )
CD209, matrix metallopeptidase-9  and  cathepsin K ,117,121,0.935,4,KSKL,8,TMSB4X( );HSD17B11( );DMKN( );TUBA4A( );IGHM( );SERPINC1( );PRKDC( );TNFRSF1A( )
CD209, cathepsin G  and  matrix metallopeptidase-9 ,335,339,0.995,4,LLPS,17,HMCN2( );FRAS1( );LAMA5( );THBS4( );FGA( );COL6A3( );EMCN( );CD34( );LBP( );PLEC( );GANAB( );NTF4( );IDE( );IGHM( );NCAM1( );HBEGF( );PSAPL1( )
CD209, matrix metallopeptidase-9  and  cathepsin K ,9,13,0.91,4,LQQL,10,COL6A5( );COL15A1( );MYH9( );DYNC1H1( );PLEC( );PROCR( );SLTM( );APOB( );SERPINC1( );CRH( )
CD209, cathepsin K  and  cathepsin K ,144,148,1.0699999999999998,4,QEIY,2,VCAN( );FGG( )
CD209, cathepsin K  and  cathepsin K ,121,125,1.0699999999999998,4,QEIY,2,VCAN( );FGG( )
CD209, cathepsin K  and  cathepsin K ,167,171,0.97,4,QEIY,2,VCAN( );FGG( )
CD209, cathepsin K  and  cathepsin K ,98,102,0.97,4,QEIY,2,VCAN( );FGG( )
CD209, cathepsin G  and  elastase-2 ,216,220,0.96,4,YQEL,3,APOB( );C8B( );HGFAC( )
CD209, cathepsin G  and  elastase-2 ,193,197,0.98,4,YQEL,3,APOB( );C8B( );HGFAC( )
CD209, cathepsin G  and  elastase-2 ,124,128,0.98,4,YQEL,3,APOB( );C8B( );HGFAC( )
CD209, cathepsin G  and  elastase-2 ,147,151,0.96,4,YQEL,3,APOB( );C8B( );HGFAC( )
CD209, cathepsin G  and  cathepsin K ,78,82,0.915,4,YQNL,1,CPQ( )
